489
5322215121
3315111323
1312121331
1113124111
1223322224
1222323122
3312121112
1121223131
3332121133
1124334223
3321231112
2122223312
1133321311
3223123223
3313211222
1133342135
3323225313
1311333113
3112342212
3422213331
5333313333
1131211111
5221113331
4423532322
3233421152
3533124125
1332223323
3321232213
3223311331
1331231211
1132134113
2131312213
2511322232
1121213212
5233153534
1211233113
1313122132
3121124512
1215123131
1215331125
1312321232
2133234112
2353331131
3221111322
3113333132
1333211323
2321233311
3321132215
1211232123
5323121313
3231111225
4221331323
2111351323
3343322313
1533333111
3115122313
5213312121
2321122111
3211213113
2334212123
1113332311
3315211113
1122322322
1131223221
2333213351
3322211131
1232121533
3413121323
2311213112
2122311212
3331311323
3133121231
2321225131
3131131113
3312135223
1121133311
1212323212
1235321231
2311331325
2222221322
3223123133
3233211132
2333113112
1332111111
3233131221
3222331311
2134111223
3212341133
2221213121
2435111121
3333313223
1332212523
1222231112
1322311222
2432233352
2233322232
3121133232
2322212223
3313222332
3321223332
1112333232
1222114331
1322121113
1313312311
2221112231
4131233243
2322133323
2321351322
1312252124
3132111231
2332532111
4231221233
2232333334
3123132215
3222232332
1313221212
3211232321
2123111321
2335332323
3133333212
1332131221
2121224131
3322132121
1253133313
3221221222
2431132323
2332432332
2334121523
3321331313
3132232312
4221112134
2313331221
1243331112
3324121211
5121131222
1231213133
3115351223
2133532131
3223143332
3123115223
2131111321
3131231224
2311213131
3121111321
5253321121
1232223313
5352333213
2113532122
5123331312
3132233113
2231211313
3231213112
3132213211
2212333122
2232313333
2221223213
1151132133
1332321333
2533123233
3213333235
3352312221
2113113232
1312122312
1321131333
1122123112
2132522331
1213322123
3233122113
1325323211
4231111311
2331131315
2253231223
1231132123
2112133132
2132121223
2321212223
2213231131
2212223222
1111232223
2123323322
1232433233
3121411212
3152331322
2524242234
2322321333
3331323113
3113122233
1133312223
3233212311
3123132223
1311322343
3333113213
2133213233
1223513121
3312131133
3232142122
3221231111
3313322131
2421532221
1311132113
3222321123
2513225532
1313211311
1131332331
1142222221
2213111153
1313113331
2313111553
2313533231
3121311223
1212243132
2311111121
1222312232
3132332232
1222332252
2112213311
1321132322
1112225111
2432323332
3335221223
2122211331
2111321223
2224212311
3112213213
2525233112
2131133112
2221323132
3221351333
3323111332
3121332312
1231153131
2211123315
3122233132
3133223343
1132332432
1133231413
2123121122
3331223222
1112321133
1213313333
1333325212
1232133221
1313221225
2122123121
3313332233
2211311112
3321332133
3342531313
3122322221
2331322232
2112131133
1123131331
2325132132
1333113512
3132123122
3121213222
3321232111
1531335132
2324322332
2332113323
3212351112
2111323111
2221312113
3131131143
2312221123
1213322222
3321131235
1313111211
2213232315
1312112213
3351133311
3113112231
3223323212
1132132332
1211231252
1321333323
1232222333
3233132152
3233321312
5252333213
1514231112
2222311132
1213312221
2431211145
2232323332
1523233223
1331123113
1333212334
5323333231
1331111212
2111131214
1111133332
1222412253
2243323111
2151322313
1112533133
1331431312
2122232133
5222312231
3243111311
1232123333
3331221135
1131223133
2232233123
3333323514
2133253313
1111313321
3231132321
2112321313
3221123233
1211213312
2131323111
1221112321
1221233113
2112331121
1411321122
2313321131
3323212211
3212132311
2231131322
1133122212
2113221133
3323121332
1324324135
1113333351
3125211133
2321423233
2233235323
1112142323
1212531221
4111222313
2432331152
1232422211
2131235231
3311522233
2323322312
2211323321
1111323334
2221322131
2131332213
3341411212
1333522211
3233113311
2531132211
2131113313
1111211324
2333112224
2522133311
2231212231
3111222331
3322211312
2311111222
3332311311
3332133133
1322351112
5331132332
1133222312
3321115113
4433131123
3222311112
1122312332
1112211233
1143232113
3312523332
1222513323
1311123121
1243332322
3312122221
2322332331
3113342112
2213315213
2121122323
3332531113
2221322231
3331112233
2133222133
1312311333
3133111331
3121221133
3113343311
2332522212
1122133332
2314232332
3313243512
1133331322
2513331311
4521333113
3213113534
1313113231
2123121323
2333123132
3125213321
1223353311
3312223221
2111211221
3311321132
1332113312
1332114211
2523121111
4332311221
2323322343
3153213322
2223354122
2223111322
1112111133
3121133114
3123151222
3333111125
3311222132
1323252311
2331332311
1133111311
2221322233
3323221232
2121113332
1313312331
1122231233
3131431122
1311113333
3332523511
1322112523
1322132111
1321113113
2335211333
1323212135
5111225213
2123223311
1233233333
2123113353
3113231333
3223111111
3122153313
2332232322
1132333325
3131321133
1222133133
2411423232
3132331333
2132322311
3323123311
1311213253
3313255133
3522233311
1323212311
1122212113
3213435223
1232121243
3223333312
1322123313
3332212132
1412511121
3333535311
2122351121
2333323112
2321322322
5113233213
3131312312
2231213121
2311312332
1325322311
2231331153
1222231123
2112133213
1331322331
2132132123
1232122311
3311523132
2223522311
3321231322
1232315221
3321222231
1115512111
2313133111
3422132221
2532112121
2215112223
2322221323
1332213222
1121131113
1132232213
3221123253
1333323321
3132133133
3312222112
3125312112
1224221313
2111222133
1212121231
2222222212
