714
3523311221
2211312112
2232222123
2222122331
2133133121
3231113121
3531112222
2131121123
1413212133
1321232142
5315123112
5232212322
5123232333
2211121121
5323232213
2235212132
1212223123
2313213211
1332231331
2331232134
1122212311
2132152153
2333333231
1111331154
2212231122
2231313313
3113311313
2223323122
2232333112
1212342322
3333123113
2122113211
2531221311
3122224215
3233331322
2112222131
1211132212
2332521233
3211231111
1321131313
1531111331
2211333324
1153413155
3112131151
4222223223
2332551123
2321221512
2223111133
2512311312
3222233212
1333123322
3323332133
2333531121
1132213312
2223211132
1331212312
4112131112
3223243312
3333232312
3233113321
4323113111
2223332132
3331332133
1133521121
3123232212
1235311121
3331124333
1213332133
1211142214
2423232213
1312312133
3333331235
3323321133
2341321233
2232123222
3313212113
1332343135
3223423312
1142213221
3113223231
2221123511
3213231133
2222211512
1541213325
1531231221
1313321113
1233311125
1233122432
3212251251
3322133123
3211323223
1111132212
2312213121
5111325121
2312113134
2532433531
5333321132
3321312112
3232122233
2423212331
3323252133
2121532123
2532232251
3121322132
1123335122
2212112153
4321213322
1231311213
1331111122
2132312222
1211322122
5223333232
2321111121
2213513313
2222132323
1211323313
1213313222
2223232533
2313313132
1123222221
1213523122
3133331221
3322231243
2123221221
3331421114
2323312413
3113132121
3122322211
3331253112
3113311312
1135221213
2222221113
3222223532
3111233335
2332332113
2222233311
3212111212
2311333122
3221212332
1122132233
2322311213
3322212121
3211331132
3323111212
2333322321
3142311321
3112332123
3151222213
2212231213
3111323112
2213223222
3232333222
2332331213
3121211312
2312333313
1133311321
4221211423
3235223223
2115133123
3223312211
2332132323
2331111321
2132233131
3111222223
2223331233
1233331122
1232321122
1131333133
2311332123
3333211122
2212332321
2133331222
3133233151
3332231212
1312221332
2221113331
2123112324
2323113351
1211311522
1213212212
2213311121
1213332221
3221342223
1131523322
2323345331
1223111234
3333335311
3211112221
1132223133
1122333221
2211311322
1112131325
2133131332
3232133332
2341122131
1311221313
2513215532
1131311222
2113311223
1311232112
1131331322
1211333322
2312251223
2322325331
1313123233
2323131322
3212332311
1312212222
2123313311
1133311212
3312513223
3333233111
3321231131
2331112122
2321221332
1132212212
1521221333
3123221311
1231531331
3221213312
3123531133
1133212113
1222333223
5222423112
2213131232
2121243211
1311233113
3333311221
1432112123
2313241323
2233223322
1321312211
2251322224
1233232233
1312223113
2333112333
2333151223
3322121311
1231322333
3213513332
3131111123
1311323213
3222313231
3221133233
3323233233
3313334332
4231131332
3241313323
5141233133
2111213222
3123113231
1131232113
1213133211
2213112121
2133212112
3222322233
1232142132
3231223331
2312122311
5222125313
3211213213
1315322111
1232134234
2333222211
1231212312
3332222322
1123332322
2322231223
1332423223
1332211121
3211221321
2131121133
2132332212
1132312232
4221323123
2255223232
3133333523
3223132131
3233123331
3231312131
1322321211
3231233132
2311223311
3321311212
1232533211
3132112311
2223145311
1331113332
2231223131
2131233351
3233332331
1223212532
5133123131
2232111421
3233112213
1233211423
1342131332
2521113223
3332131215
3213223331
2112313212
2112211221
3211121122
3231332111
3211421111
2221332311
1212221315
3222221522
3232343311
3121223352
4151313121
3341333332
2332211123
1111531311
1121313111
1211313112
3122312333
3232123111
1435133311
2232113313
1243221313
4312122123
2333323333
1121333222
5233113121
1222321231
2311123111
1213123323
3554123341
2333122122
2213112131
1121113213
2111352331
3321232212
5111323233
3222122223
1121222512
3131221522
2122231351
2243111221
3132134133
3133132221
1231331121
1212241132
3223131113
3152333223
2133114231
3123123223
2213131223
1232122322
2121311122
5111222211
1132312212
2221211221
1212221222
3541122213
1323131232
1221131322
1312231232
5433333131
1213121224
3223312312
2132311321
1131315211
2131412131
3131121111
1223333233
2132331311
3323512331
1121113131
1133321121
2333231213
1311333311
3132311223
3321131123
2321121321
3213231311
1323113432
1311235122
1323321112
5333111221
2321133331
1211213211
1323323213
1152152112
1123333321
1333112233
5312123321
3125121213
2222113131
3232332133
3213122313
3234213443
2221212311
1222322132
1143221221
2321232211
1512311331
1332213112
2121213233
4212113211
3213213132
3225331132
3313211153
1112211311
1211223113
2332311212
1331132311
1153111221
2223122112
3231231313
2323313353
1223135332
3213412231
2131111122
2121123313
3111334333
3222213311
4222221333
2111221235
1111522212
1113123142
1323242313
2112233331
1222222311
1312321231
3122424112
1212112333
3111311422
1351522333
2232211333
3311225233
3331111522
3333211133
3321313131
1133323232
1211122225
1122432322
2533332324
2111221122
1211532323
3231233232
3212215122
1231222122
3333321122
2333211233
1224123215
1313335223
1131123223
3222213311
2333313322
1131252121
3322134113
1111121112
2221233113
3313233311
2311333123
3312212312
1113233231
1223211313
1111113113
1231213322
2311122313
3123323333
2413133122
1121133132
3332233312
1233231134
1333222112
2133122113
2422323352
5313213333
1333132231
4243321322
2352322311
3312221533
3112232333
3251113122
2223223232
2132113123
1222253235
3341132523
2312211112
3232223133
2131123311
2335132133
5211223212
1312112223
3233311132
3233122311
3522312123
1233114223
2352121133
1122233313
1111331133
2333131151
3323212223
3232222331
3212133333
1112122311
1223122233
3113115321
3231231111
3351231222
3223312121
3333331133
3221312221
3321211151
1313252523
3153232133
1313512132
3214322133
1233153321
2113222333
3212233412
1122323231
2111235323
3313232113
1122332231
3333123313
2222321131
2112311332
1232112232
4143132312
2111313121
1332323223
3131331232
2111311112
3312231225
2312133313
2132212232
3214323233
1222522211
1223213223
1211323332
2153131132
1111253123
2221233132
3332133222
3151113312
3323213222
3233221132
2111111313
2233121223
3223315111
3233335212
1313333332
2423113323
1112113132
3223143311
5121113331
1122113333
3311522323
1223313135
1312231321
2111332211
1251131331
3512223213
3511233222
3332513111
1222121222
1221312312
3211332321
3312132152
1331311432
2321123332
4312323132
2512223333
1122111223
3131233311
2133332322
2113315513
2235222131
3313331221
4152132121
1112133132
2131131342
3213332122
1342212121
3131341151
1122332433
3332311121
5415233221
1312212112
1212113222
2213211131
3113123312
5321123342
3215333131
1131333222
2232133313
3142212121
3312325333
3232342312
1322222313
3131152313
2311312213
3323321331
2253212313
2311313122
1133322131
2321324221
2123131112
3243131322
3222233132
2132132231
1322311321
1231121233
2212323212
3511323232
3122121313
3121313133
3211132313
1221152111
3222223131
1343222223
3312133313
2331321312
2234311113
1312231132
1213512322
2121135123
3523243222
3131312132
3211332221
2123122112
1432132132
1332111113
1123523215
2323113253
2211313235
4135213332
3223221211
3233321351
3333111332
2231322132
1213222211
2211232131
2322322212
2112231121
3123315233
2232212322
2122112333
3133333121
1252313121
3134222313
3123522131
1121233111
3332113113
2133221221
1112121222
1131131223
2322121123
3312352232
1123213225
1223131312
3323131223
2111212211
2112332232
3211125131
2131112223
3111521252
3232112322
2121111311
3315533335
2313311231
2322323243
2115132222
3221211112
1232112333
2123221133
3223312141
3121232121
2122132222
1313322311
1253232131
1223132211
1323221523
2133423312
2332221333
2231312213
2212223331
1132122211
3423123212
1321313222
1112133323
3222133211
1223113122
2333253121
1333222332
2311213211
2311312323
5334332131
2113123312
2113112232
1232132143
2322332222
3213232221
2353521133
2323222112
2333513351
1225233353
1151333123
2315331113
1311322312
2212113313
2213231312
3221132123
4322213132
1133231313
3121121113
3331131311
2313232134
3331423233
