746
1232311211
1213311131
3233122132
3212221311
1235331141
3222411311
2323221112
1322512311
2232333123
1321241122
3331221113
1232333123
3513332123
1331332221
2331432133
3322223313
3332111133
1123332213
3111213313
2133225143
1332331233
3213332331
2232113221
1324333132
2122331131
2233132221
1212332121
1321111221
3313311213
1232111222
1134332323
2221122323
2135231231
3321131132
1234121222
3331331233
3222112212
5333122123
2231132232
3113511332
1131223231
2255332233
2211225233
3352522231
3111233222
1112212213
1212333133
2321311211
1322311221
1233113122
2512113314
2123313231
3312321221
2331213122
2211312331
1222331223
5132222421
3323131112
3123135112
2111232111
4132231112
3222222233
1233331211
2333112222
2321222432
2331112132
2122312124
2313113213
1312123232
2431322312
3232313333
2131131223
2243222121
3222211332
1212211313
2221233233
3331133112
3333221313
2131212223
5212231333
2233332333
3252323133
2133235321
1153212312
1224331111
5433321333
3323321111
3111133212
1151112132
1232231331
1212132235
3332132153
2222113221
2223311223
2132331332
2221314132
2213122211
3333233332
2132231123
2131225231
3323122213
2133134213
1131211311
1112125322
2132213211
3352315322
2315113313
1111322111
1331311122
2232522313
3332132223
2222332331
2312111222
2213332212
3134222221
1233232312
1253142223
3132113121
2122322212
2112151311
1231124321
2343333233
1123223313
3132322131
3352122222
2232322223
3331222222
2333323234
3522211131
3214232323
2115333133
2231131223
2221132122
3112113511
2322323123
3321331112
1124132333
1343122141
2323213212
3235111432
1233222111
3131222312
2313331213
2132231352
2233112133
1131222431
2212113133
1321332321
1152214212
2352332131
1331322332
2222322331
5522133522
3213113333
1211333321
3523321112
5332211312
1122113323
1221122232
2223231331
4222132222
1122222323
3221111224
1253421333
5323231312
1311233142
1112231112
2223321211
3224212231
1132333312
3211314321
2323133211
1241132123
3123111321
1433331211
1112331312
3212112112
3213111131
3211231333
3241132435
3112232312
3212123211
1323234112
3122213131
1352152331
1122133111
1221321224
2221112123
1253213331
2213231241
3113214312
1233322331
2312123232
1332333213
2123322332
3311325223
3323322213
3213122121
3113122323
2213141231
2321113213
3523223113
2232351233
1213311311
1123151331
1232313533
2132211121
3233311313
1131541233
2231213212
2313111221
5112132222
1323223311
1311123322
3323122231
1352213132
1132323131
3113312131
1232135313
2222312123
3233321123
1212332431
2121122312
3222312213
3132113211
1331221311
1332213122
1312121212
1221331134
1322231221
4212121234
3122112311
3122223123
1211212211
2221311121
3121331311
3231152231
3135335151
2122313111
2333331122
1221123332
1215132112
3111121231
3321132252
5221323222
3435111331
2221333122
3312122223
1341131122
3111332213
1332322331
1123251312
3312221512
3121313152
1233211313
1333223353
3522311111
1232133221
3121432311
3112321122
2312313131
3133222231
3112153421
2351322311
3311123132
3231411311
3513313343
3133112312
1311311111
2312223312
4322123433
2312122121
2121122333
1323231331
2232222333
2322221332
2331351313
2122133412
1311153223
2311313331
2222123112
3332323133
1312311323
2222213233
2232222123
2223324333
3133221433
1432121333
1323321331
3213122132
1132233333
2133232233
1233312111
1322211211
3511222222
1332331222
2323321132
3151131123
2331231132
2121233113
1323223212
1313222121
3132323221
3112532333
1223321143
3233332313
2332121222
1232123352
2351231142
5113133233
3322213211
1332332233
5231311352
3323131222
1313333111
1331221222
2232111321
2113131212
3211121233
1132312231
2321232213
2233211231
3331213331
2323221311
3331233313
2211353233
1332332212
2123311123
3223322332
2112222124
1222221231
1112313112
2131322123
3311211331
3321121123
3225412321
1323223233
2311332221
2331212213
1121422322
5332521321
1231111311
1331311222
2223321353
2232322213
1231121122
1522332322
3152121332
2121231213
3134353231
1333331131
2232331111
3123133113
2312332222
3323112111
3131333252
2211131133
2232122123
3122211333
2131142132
2222113332
3222331211
2312123311
1211212133
2232133322
2122223222
1121321223
2321121332
1231132311
2132131243
1221122232
1221121131
2211312531
2423332353
2333341123
1133321111
2122321212
1332111121
3111431313
3131213313
3151311113
3121233123
2252321213
3111233315
1122131323
2132333222
1221131442
3335312151
3225333311
1233321112
2521211533
3311133322
3111223313
4222321113
3222111223
3323121233
1113331215
3322311233
2132232223
2213233112
2511122222
3122331111
3231332215
5111222112
1221533323
2111332212
1332132312
1352252224
2132123212
2231234231
3233332331
1122211123
2111312433
2333325231
3252311312
1133341223
3111323222
2333332234
2332413335
2123322213
2223221332
3335213232
1233214131
1213323213
5221322213
3332213322
1121132233
2333133222
1312323333
2213224121
3211131111
2211222133
1123232222
1121532312
2134122111
1333251532
1123134312
1233331121
5221213321
4312131222
3213312121
2122112233
1123123123
1321332113
3135113113
1211223212
2133322224
3333323112
1231341111
2232222253
3122333135
2122212223
1331212221
2322212151
4313322232
1113112132
3311132133
2431112121
4132121123
2211121513
1331312331
2331132223
1323341131
3322112112
1121332133
1211232222
2211313121
1311323232
1323123521
1131532312
4323122213
2133412231
1311313312
1212332131
2113342133
3133113123
5323111313
2321232222
1313121133
2213213322
5321133245
1332132121
1212212232
3113233223
1212131222
2221133133
1123212332
5311231321
3344133135
5132331312
2322321331
2332331112
3313232311
3331323132
1212311322
1522321313
1233123323
3333413113
3232323324
2351112111
2111214124
3232231113
2312231332
1214533123
1111313332
1222215321
3122223332
2523312121
2111315211
3123332133
2332123111
1122213223
2321211122
1132223252
2221531322
1231233312
1121123112
3131332313
2311121223
2213132213
2322315321
1111212311
4221222323
3213332322
2141123112
2134213323
3232221322
2122223531
4322212342
2213322134
1225221131
3224134131
1131332213
3313133313
2131133312
1321523311
3222133231
2134233311
1223213332
1233313522
3232331313
1332314211
5121331242
1131132112
1222212322
3122122232
3221112231
3332331222
2321133111
2221231313
5311213123
1232331212
2512123111
3331333352
3321122115
4221131231
2112112322
3121122211
1223252113
5312311322
1335233314
3122322351
1221523122
1331212223
2211351321
3114121523
2221222312
3212223213
1321111323
1131225311
3133113231
1233211211
2213342333
5211222134
1121223223
3122332232
1131221225
3353133222
3312331233
3111332312
3352223333
2233312323
2252312311
1131121325
2325331112
2212233211
1313231322
1213133222
3123111523
3132333121
5213123131
4322311323
3312213313
2312213212
2223222321
3211412113
1132242123
2232211313
3111313123
1252532112
2253232331
2351112113
2221322132
3121311111
5221111252
1311222132
1332331331
2132313221
1222225111
1213241311
2113215121
2122233233
2212213331
3331213321
3312211122
1422212122
1123312133
2133131113
2331332112
3111333212
5321325511
2152251233
3323124231
1233523112
3311322222
3112223213
1321341131
1211212232
1212121133
5143122123
1322251332
1313331333
2112222233
1233213321
3333131313
3222313313
2322335422
1132311313
3112322122
2332332231
3131233122
2231332331
3233322532
2211311212
1131331211
3321113232
3122123323
2353123231
2233122131
2223222211
3231123312
3222122113
1112312213
1333231222
1112231231
2232311121
2313313122
2121121213
2222131232
3123132122
3123222253
2314233321
2223113313
2111133123
1131221133
2323321222
3221213331
2122532321
3222231331
3215333212
1232322331
1231521123
2353112331
2423221333
2412322312
3111212113
3232513234
2313233223
3223225213
1111231113
2131323122
1313512331
3322122221
1221321133
3232111312
2123333323
1321112212
1253331212
1541222122
1212212131
2234222331
2123131123
3323233232
1223313321
2123533321
3122122113
1322313112
3221321322
3313231151
2222312223
2211241131
2325312222
1313313322
5131213112
5522211113
2222232322
1232212141
2111113312
3522321323
5313121311
2121321413
2121322333
2232111333
2521313132
1523113124
3323323311
2531323123
2213332221
4233122232
3221113212
3152232122
2324312221
3411321132
3123221211
1332212121
2331422131
1112333331
3113322121
1413513312
1232122231
2321232343
4211522121
1323311133
5131212232
2112223232
2322213352
2333232232
1122112113
3312222123
1132111313
3231312214
2212213323
3332121131
1213231331
3311313331
3211422422
