447
2321313131
2413121111
1142122213
3321122512
1131432123
3354331223
1412311112
2223121321
1323333132
3111311113
3132423311
1212222333
2122243322
1333112153
1323252121
1111111311
3112313231
3312312331
2223512131
1312211215
1321321131
3221233251
3331212223
2122121332
2222122333
3332232131
1211512233
5111211131
3331231132
2522321321
3213124111
2212231523
3332121232
3312122123
2121122543
3323312122
3322232232
3121433312
1112211113
3213222231
1531231122
1111323323
1113231131
3321351352
3131213322
2132113243
1211131211
1531232311
1232132312
1323222123
1131222121
2333133353
2132212231
1121111322
1131213233
1113141133
2124131113
5232121132
1222222111
2151232315
2121123232
1112332211
3111112222
3133232121
2333135131
1114253222
3335212133
1323212133
3213342322
2132132112
1523122232
1351513231
2113332233
1351313311
2222313132
3233221123
3122231222
2215212331
3213222133
1113312321
2311123333
1122322232
2312113123
3332322133
1232132231
2314322133
2132132111
2121222321
2131231312
1211331211
1322311211
1332231333
5321212122
2131313213
2323212233
2212111223
1212131312
2113132122
2322223311
3253113322
5221231122
1133215421
3321233142
3313231233
3351212222
2331121313
1332222231
3231231113
3223332212
3331332112
2232121322
2313222113
1232311211
1312321112
3513125212
1131222211
2311122321
1333311112
2211221333
3133113122
1131123211
2113211133
1233111233
3111333321
4352123133
2112133222
1232232332
1223132152
3312232221
2331221133
1212123531
1132332111
1232311113
2112131325
3112123235
2113112413
1122113311
1231322334
3223223112
3312334223
2211111422
3131332133
2332122232
2133132232
1212234213
2532123313
4322243211
2132132131
2222222232
1135211331
3123325323
2331121122
3213333312
2113111121
2112123213
1213143325
1513232213
2133322322
3323311321
3212131142
3333331321
2311221233
1111322211
3413532333
3135121312
3233121321
2332514332
2122122132
3121131152
2221112315
3112131311
3123111231
3113212133
3333113152
1313321312
3231221311
3221321311
1121212321
3323232133
2322241323
2242223133
1211222312
2122513321
2231131313
1323413122
3311311211
2122133333
3122111113
2223131123
1522113122
3121311232
1313132115
2332113215
1122132233
2332211235
3131111312
3213212321
3121231133
1323222133
4322132524
3212355135
3333312223
1211311131
3123231533
3321132332
2223132321
1313221221
1121231222
2131111113
2141333231
2252312112
1121312331
2111222333
1432213213
3111332223
3223123332
1132123333
3123113124
3222131512
3321221221
2132212111
1533122113
1322232323
3311231332
1232231323
2333331333
3211314323
3322313333
1222223331
1222131142
3231221131
2323322122
2332232121
3513133333
1222311123
1333133222
5221121213
3124323231
3312255211
2253323315
2322221222
1132131111
3333211115
1331222222
2333331212
3332312331
1122322113
1223213313
3323331333
1323312111
1222122433
3513323232
3123511244
3122321131
2212313132
3233312221
3112112122
3123332331
2112323234
2213334323
4313314211
3133223122
3121413413
1321131533
3223332433
2112323221
2113112342
1212323133
2113314331
2133231233
2332121323
3111322212
2521112133
2351121323
3111331313
1233333222
1211111111
3211252132
2153311222
4332133331
3225311111
2221231311
1132313332
2123121132
3122113111
2232113231
2352241253
3311222232
3133224323
2222311311
3122211224
1313333132
2111213231
2333113122
4233231312
2331321233
1133423312
1242213221
2133321312
1111323331
1323115132
3112222321
3231132122
3231211332
1231123133
1231342113
3311132523
3111133131
3232113124
3332212322
1123234213
3222231211
2312312311
2533121311
1333113312
3113331131
1133123311
2123133151
2121231213
1333213232
1223323231
2311233222
3111133133
2113132521
1323121222
3112311331
3231123312
3332321211
1312223132
1211221322
1233352132
1232311221
4221211223
3131121313
2312213325
1211221231
3113321222
1112511212
1221113111
3212132132
2111311211
1323313231
1131331133
2115221213
1353121332
1313234231
1323222232
2223322311
2213221221
1211232332
3241121221
2223132221
4111233432
3332331312
3323211122
2311341233
3332222312
1151213222
1123323132
1321223223
2133223322
3331222213
1135232333
5212251222
3112112223
5323333114
3113531313
3322212131
3113121212
3131212213
2122431212
1112212231
1111123131
4111121332
1333122521
3133233231
2222232333
1312211322
3233322211
3112333332
2331313111
1522332311
1313333311
2121352211
3132124132
4312231233
1223132122
2231331131
3333322423
1322223231
1533322212
2323213132
1225212211
2333212322
2122322131
2333122113
2351531221
2231213133
1331252323
1321122322
1311212323
5321123315
2111313232
2111111214
1212222331
3311132331
5311123332
2121312223
2333131351
2332231312
2132331111
2123133212
2135223323
1311132122
3113242221
2213323333
1222211124
2143212132
2111231311
1331133311
1241222132
3313211213
1132211313
3223232222
1321212321
3121322532
1231112213
3233133121
1111212233
3311432131
3112532321
1113311153
2121332222
1112522111
3223111211
3212333323
3132113221
2122234111
5222133133
3212242234
1311341122
2312113222
1123223131
3131352231
1233112211
3133322311
1232222211
