604
1222121123
3122313123
5124131232
2312313212
2232231232
1333133332
3212224133
1255123111
1211432121
3332524131
1523312231
3113133232
1331123231
2125221113
1115122112
1131112123
2221215332
3441221122
1213222122
1122122331
3223132223
3153132141
2121112132
3231212225
1311112332
3331323223
2231111114
3113233134
3233311321
3221133133
1311121132
1113233332
1323322331
3312211131
1222123241
3223111233
4223332331
2233331321
2312313223
2222231132
2131231132
2332313124
3321312331
2321322333
2142131331
1335113311
3213123213
3313322214
1131222243
2225233232
1222241131
2132321212
1122323333
3333522323
3123212131
1221312221
5232223231
2312321123
2411111142
3311312332
2223131232
3324325122
3112211321
2213213331
5131311125
1123213112
2323222153
1111322213
3331331232
1441232224
2521132421
3231113231
3312322132
3323213122
2311211325
3231111331
1232152232
2121311143
5223221211
3122122122
1333113311
1215133234
2323222133
1332222131
1132233311
2331232333
3333112232
2213211334
4121113221
2313222223
2323231232
3322112133
3423121211
2311323313
1132111125
3223321111
1212333511
2451134125
2233131131
1152325214
1123321122
3121313112
3131321113
3233122233
2213131231
3333232132
3221132211
1333212121
1152123113
3153312233
2113311231
2121112212
1312133222
2233533121
3233532321
2322333123
1232332423
2121113215
2212231523
1131522313
3211111235
1313112111
2215313233
3212322132
3221312121
1132211322
1111331111
3332133331
2113323313
1123323223
1221311123
3111512311
2223123223
1124213122
3322111123
2322125413
3113111124
1222122211
1123111131
3121333212
4132131113
2222323213
1332113223
4211231111
1333133212
3111332113
3321331334
1212412112
5312112121
2222131132
1123211112
3312321112
2413211222
3131354323
3133353122
2121133312
1111231225
3213231322
1321251333
1221111112
1211342133
2143333323
1221121113
2332132253
1231235121
1123131432
3113232123
2143321232
1342211251
3131151221
1223132121
1212324232
2231223332
2123231323
3124131133
2222312221
3311332322
3213132232
1332323312
2331255313
2153312533
2323222112
1333321122
2223323321
2333322143
3131312223
3211253233
2513331235
2233353112
2332211321
2255212111
3132222233
5211222331
2333322111
1223223411
2113132213
1331231221
3331332312
3332332213
1311211533
3222123131
3222112233
1212233122
3142313132
4342131323
3213312221
1322321231
1232133212
2112122111
2222251313
1311311132
2133332312
3333132223
3313233231
1322213141
2422132213
1231531331
2212213223
1113333213
2131321112
1221232232
4133531412
1222112512
2221311333
3233232332
1323423121
2223321321
1133321322
3354221211
1333112122
3233321322
3132343332
2133311113
2133333112
3311253223
1221113123
1233312131
3331111131
3122331311
3111121233
5333332213
3323311332
2213212112
2233322231
3352212322
3311232113
3331111112
3253131232
2222321132
3322111223
1321211141
2224313331
3223211152
3322322131
4131212323
1113221211
3211331312
1111211112
1211112212
3212321313
2323552131
3333113231
3211232112
1312232311
1335231212
2113232121
3133222211
3122223213
1231325112
2233231333
3231312111
3313155321
5111412224
3334155122
3211134222
1112223211
3231331211
1123311513
1313132111
2322113121
2122222331
2233231333
3222131153
1113231221
1323122421
5311111113
3112232215
4313123223
1133121233
1223233213
1121313112
2131232322
2322311323
2331111232
1321332112
3321132231
2213233123
1133331322
1322233232
1122131311
1123232112
3222211223
3131333223
2322511332
3232133222
2131322532
3331213221
1223221321
1213341121
1213222333
5313212211
1321215332
2222333111
2321323111
3131231531
3112111113
2333332133
1335211521
3425311211
3333222222
1115333231
2432214233
3222232111
5133221323
3512111232
5212321223
3311123123
1123312231
1331211223
1322222311
2221323123
2133233214
3351223212
3133314221
3311323312
2133312325
1314341421
2242212311
3212213233
2521323252
2213212221
3211321133
2232121323
1223132532
3231131151
2543512211
1123335522
2331323312
2222321112
2223212131
1211132111
2341131313
2231211531
4311312213
4135551211
1323212222
2433313314
5113322353
3321232211
2322222231
2113322533
1123321121
3235213131
2112333121
2113122211
2211131421
3313211223
1113332135
2113232131
3113222121
5511121155
5312212313
1132221121
2112111235
3313332232
1231233132
3132512211
1122122131
2133235122
3231421212
2313113221
2111231332
3113123331
3235132333
1112131123
5123412333
1113222233
2333353111
2122533231
2322422123
2322322223
3213323123
5223322312
1131132112
1123131223
3332313333
2333132312
1121131353
1412232322
3212231122
3213532112
1231232331
1211322313
2222334131
2111332333
1313313121
3322123421
3522133113
3213123331
1343313223
1313312213
2111123112
1111122311
1321131331
3132231121
3313312233
3121131131
1123331233
1211311312
2123331131
3331252333
3423331421
2222212122
3111422123
1323111313
3121113312
5213321514
2123312223
1411222332
1123212222
3215121212
1211223122
2132133212
3315122532
1523313331
1512312232
1121111222
1315433111
3222231232
1332121413
3323231313
3521221423
1155121235
1121133233
3312234221
3311213131
1332232132
3211222213
2212315223
2222253221
1231533211
2345233322
4121334121
1232311331
3351125221
2112131213
3311321333
3122531332
2113433525
1133152111
1233333121
2132332113
2253331212
3511112123
3333232323
2112211231
1222332123
2221312112
3231134321
2223222531
1222121522
3312222312
2122223112
2523343211
3422311313
3122111222
3331123231
2311233123
3532112331
1322122131
3133323233
3132333221
3223351351
2111123232
2111353331
2454334122
3332121412
2312213212
3322132152
2112222311
2351223111
5222332232
5242223331
2232313233
4231232221
2222315223
1133312132
1221312223
3222233221
2212113121
3312341213
2121132212
3111332232
3333122111
3323113133
4332232113
1132312223
3332212211
2321113131
1231133233
1311231111
2221133121
1121133321
3211121323
1332353341
5312235123
2121123333
3331232511
3213331423
2321215332
3212132211
2232243332
1323311231
2341121231
3122221111
3313313323
2323213313
1231321222
1231221222
3121331121
1231112214
1213331331
2341324112
2253323222
2333233221
2311113312
2241333213
2121211351
3312113121
3242223121
2322331131
3313221321
2122213231
2322233333
3233425233
1131233215
3433211323
2223224322
4121331223
3333232212
2121321332
2335212234
5233223211
2213232133
2111222331
1112223323
3311211132
3113211212
3321315211
5213232112
1152221112
2311352233
1221214314
1352231113
2533313332
2315322322
3112323422
3122113351
5123132112
3322311221
2112322352
1323133122
2122331321
2331231131
1322112323
1322313233
3113132334
3211131221
2233213112
3123313113
1333112222
3253132112
3231323321
1312232333
1353113111
1213133113
2133253134
1333231112
2333242233
1311221321
1212331221
2311132531
2223132321
3222111111
2223411313
2322113132
1123333213
2123212223
3331211312
2132113222
1121331511
1532332223
2211211123
2122222311
