255
2222121311
3222233332
1321122122
1132213313
3121112351
2322333132
2112313423
2212323213
1233121233
1123332353
3331311311
2112531123
2212311123
2312213213
3221222323
2515212323
3311323233
3112233322
2331322222
1353323121
1311233325
1213223352
3331232333
4511212321
3213153321
3312311331
2232231313
2121313111
3333223241
2322212321
1322221332
1312223232
1213233332
3123332312
1122122321
3233321333
3133321223
2113312111
2122332131
2222123211
2213215212
3252112122
2112232235
1331323223
1233131222
1234312111
1223213323
3122152322
3211232331
1122112231
2341331121
3233133213
3332234321
1332223122
3313211131
5233331313
1243111311
3111111322
1131333122
1132132321
2213323133
3533231331
2233123335
1233231231
1311233233
2323213332
2231511231
1442321131
3122112312
3113223332
3121111212
3132312122
2113131253
3133221125
3521131212
2223323312
2331522132
3211313213
2211452333
3321523312
3331533231
3323331112
2312331233
1322211233
3312231322
3124311411
3113111332
3133111313
1422231312
2241332313
3222133221
1311111212
1132223113
1311222224
2133111122
2323325132
3233232321
1112212322
4332311131
2323312332
2121213225
1321321223
2233122522
2223331351
2213323113
3132132333
1131333211
5313115511
2311222322
2213311231
2153312212
2222331213
2332111222
4323112211
1132113113
3222311223
3432132212
3313311112
5323312112
3223133131
3322233322
3311331312
3513133223
1332113111
2122311213
3251412133
1231253133
2211322231
3423231411
2532333151
2213123211
1222142333
1132124113
3232213313
1132221113
2532342323
3415123222
3311214315
1312221353
1313211322
1332223132
3132122243
2313121323
4121123212
1132111123
1133231111
3113211522
1112112213
3123312332
1223231121
1322213233
2313113443
5232323431
3223213311
3321311135
1513321113
5313223131
1111311332
3132132123
2123312312
3321122122
2122353322
1213212212
3133423113
5321335333
3233522113
2231353221
2143122212
2121512251
1133211224
2121332121
2211113222
3123143111
2351122132
3213132333
3133321231
3312231122
2431213211
1223112121
3522323323
3313343123
3112332231
3231123223
2222321122
1121133213
1122223132
3113221332
2321531433
3212111112
3133232315
2331123135
2222133111
1323222132
1331121111
2131322113
1233322323
2312233111
3211233232
4132133311
3232312221
3211313123
2211332312
3231311112
3323123121
2322122233
3333221223
1351332233
2333233222
3321111331
3233222323
2111133311
2332121531
2221324321
1331112211
2311333311
1215115222
2111221321
1212233122
1243112131
3122333132
2133121331
1233231231
2111213322
1213232223
2233322321
1332331344
2111333353
3213133311
2212251512
3522332321
2111113333
1211111213
2332131332
3125222111
3122122522
1222111331
1323322315
1131332223
3212335133
2332323333
2112132211
3113113222
2123312231
1332223112
3121222222
3323233321
3325221121
2213223132
2112221232
1312131111
2351112135
3333122133
1334332335
3332231222
3115122113
