910
2323223121
3311112322
3123211131
1233523412
3131123133
3212112222
2232211321
2233312111
1213521213
1133312131
2312321124
1133233232
1423123212
2222122121
2321311241
2332132232
1233323351
2321321123
3213312222
3521113332
2132131135
2231333111
2113233133
2331121233
1313211321
3115512311
2232321111
1433111223
3212233213
1212231133
3111231234
1323122432
3312134213
3131323132
1121112132
3321213133
2215342133
1513331133
2231213331
3412331113
2133211122
2123321533
1311221133
2112125312
3241421311
3132321332
2323321134
3312333112
1311425512
2324222333
2113113211
2133233223
2121221222
1131212233
3131223321
3221221222
1211222121
3321334122
2331132323
1132122333
3132311311
3231231321
2342213112
2231211432
3331333321
3321131232
3213311211
3113131122
3221322221
1121124252
2132133234
3233233322
3131133211
1123131213
3131212211
1132315212
1313123333
3112321221
1123232122
1123323333
2222213311
1111232222
4423323121
3221122223
1211123133
1133243233
3132322333
3231132323
1333112132
2131211221
1111122212
3223122231
1313312323
3421123232
1322321121
1212331111
1112513352
1331511112
3232252213
1213331122
3231223232
1333113332
5115224212
1314331133
5325311311
1233211111
3121433133
2313213132
3121131313
2332111132
1222113223
1122121112
1312111212
2122313321
1223212313
3112122341
1122333113
1322313321
2232321223
2113322131
1211231111
1211223122
3411131213
2111323112
3233212231
3333222232
2142113225
3131133233
1431135333
3123323112
2113131312
1221211125
1132413224
2233133432
1251131222
2132241351
1122312111
2323132331
2232353323
2213233212
2333253511
1311325211
3242222231
3222111333
1323312123
1212112211
1112122153
1121232312
3121221132
1325232422
3312222111
1112111311
2323333113
2231223123
3322131231
2245233222
4111322312
2231311323
5211111321
1213422523
1333121132
3125321321
3112113223
2521131212
3212111333
3312331222
1323123322
1322332133
3131132322
3223333221
1111212543
1322121333
1511223213
4211232521
3312211253
5112231112
3313113122
1141321512
2111221214
1332331133
3333223321
1211533435
3212321231
1113121333
1312111523
3221132243
2321231333
3422221222
1253331322
3355313121
2223332231
3121331113
3311321123
2213113321
2222331133
1221211231
3113121113
1221232323
2311331112
2233123212
3242111211
2332211313
1142323233
1312232312
2131232131
1123133223
2222123331
3223112422
1133212233
1333131232
3231311322
1333112331
3222222313
2111111122
2332221113
1313111311
3313223222
1233221133
4112313213
1313112333
2151313132
2131131331
3122323115
1312221132
3332313332
2131332133
1121112521
3135115231
3134133332
1222213331
1113151212
2233221332
1122322131
1223321121
1131232111
2241311232
1151132112
2322353223
2312312113
1251111314
1133111135
2322233323
1221221333
1123221312
1322212332
2321322312
3132111331
2132431142
1324232322
5333123311
1311232232
1131113313
5311211112
2133133121
2233123231
2211212233
3332123332
3432323132
2311321223
3311123232
4212123212
2323322243
3231333321
3512221132
3312133232
1331113232
3233323213
2233233232
1231213331
2323212331
1214212221
2243131221
1215323332
1331332152
1121313221
3221334333
5212323133
2211221231
2313331343
1123122321
2212313221
3311533132
1141133122
2233211121
1511111321
3232111223
3511111131
1353212111
2331223321
1322142322
3153331321
3332332333
2111125232
3223233141
3122331512
2231312123
1312121331
3122341252
3352311235
1115312122
2123213111
1332322223
3231311332
3122333131
2233121213
1333322222
1331152212
1133313122
3211222312
2312133322
3521331132
2231133331
3132221222
2232253111
3322331121
3323112322
1311211314
2113321232
2323122222
2222231221
1212321131
2123221211
1323122321
2321125323
3112121113
1211532212
3213253121
1223211232
2223132131
1233534313
3311212121
1211122123
1213222343
3223333212
2122232214
1235233322
3331333132
3212232132
1321314121
3323141251
2312231312
1232132322
2121231231
1321222123
2132132211
3111112133
2111153212
1311333222
4122331421
1322223213
3223221111
3231312233
1232332222
3133131212
2212232215
1232331122
2331213113
1422221413
1233213511
3131211321
3321112311
3221123122
2222134313
3123232323
3453132531
3351323233
3153331521
2332122513
3231131112
1112322233
1113252223
2332233432
3332332113
3123331132
1221221221
2123212213
3113331313
1232333222
3122232222
3133533332
3213213421
3522132113
1133133123
3111133332
2313323133
5111112223
3133231213
2331431125
3222332115
3121232223
4312323123
2123111313
2112222113
1231121335
1233231531
3233311113
1135133232
3211113223
1223312223
2213143512
3113332211
2251221312
1225211313
3222131522
1231113112
2133222411
1232213131
3132125152
3331322332
1211133332
3122514113
1123212223
2231312211
3231322122
2332113333
1322123321
3121111331
5122322331
1533222122
1214321142
3313231221
3331255233
3212312331
3113121211
1322132221
3253221214
3323332223
2121232321
1331231325
3132322221
1213212133
5131111135
4331315323
1232212231
1112252112
2312311212
1213531222
1313231222
1235423231
1155133521
2334231211
2222321313
1211312331
3231311233
1123554323
3522312211
2322222331
3233311211
3325121332
2522133223
2111332133
1211122132
1332213232
3311225322
1211213131
1122332133
2121323311
3332211333
2331251131
1222125312
1322233341
2323121242
4121123223
2321512223
1223222311
1211231221
3332311222
5211321113
1332522322
1122312113
2221343252
2213123521
2231131133
1131351223
2321321332
1111332311
1231222123
1231331353
4133233252
2232213311
4213123231
2131411211
2335311213
2333322312
3312113113
1131325133
2222231352
2213223123
1222212311
3232131221
4332132131
2312121312
3313111312
4311111311
1215123252
3253513233
1122134133
2343231423
3221332212
1223335151
3212311331
3413331221
1331313122
2222333323
1112422132
2111331123
2121312311
3233231322
1111423231
1231132112
3133432343
2311232312
1321121221
5353233333
1421211231
1512311222
2232332133
3131123143
1123121122
2322131123
1232121121
1213111322
1323353252
3121312212
2131233213
1122231323
1211311232
1321121231
2313252111
3131313132
1224322333
5341213323
1321111252
2213523321
2521133321
5311122543
2114113323
1225213232
1131241231
1113313322
1111313122
1233221311
2332121331
3233312211
1323313113
1225133323
1131231321
1113333231
3333332331
1213232122
2221321123
2333112111
2251232111
5252232231
1221222311
1113212111
1221332431
2323323213
3122112511
2132253112
2312311313
2133313255
1321333133
3122332134
3313332323
3312331112
1332131113
3252122121
1333211121
3231222121
2113321132
1213133232
1232321221
1114333321
2222153233
1131122333
1232233223
1333241312
1112211311
3333141121
1333132321
4421234221
2533212321
2321211132
2245122331
2332211413
2331422222
2322231334
5233132133
3111321221
3222122112
3132232231
1131113313
2213311333
1212211132
5212315323
2113122321
1112212112
3113211311
3132225511
3253212132
3111213531
3232211322
3122321321
3321231232
1211122513
3324213331
3221111323
2213323135
2113323142
2313122211
2122332352
3311221311
3122222312
2312111521
1223331331
2212111413
2312123222
1123132233
2333313321
1221132521
1332113121
1313122222
3132111522
2213312125
3213232213
3233312222
2212322113
1231311112
2113121131
3232131321
3213312132
3223122321
3223123332
2212311323
3233211112
1433311231
3122223233
3122132323
1111313131
3132353212
2112131322
2121311221
4131222313
2221112131
2222532112
3313213131
1522213322
3222312111
2311223523
4311422123
5333122233
1123213322
3331322121
2222113113
3114231131
1222323315
1233113231
1131332223
3233112213
5115315333
2122311332
3152212232
3321151233
2325213131
3313112522
2213221122
3222312321
3111311312
1213333332
3331331135
1225112312
1332521121
3152112122
5231352122
1121331243
1312135231
1513222222
2221312231
3213123232
2233313222
1512333231
3221121214
3223322211
3121123313
3211331225
1123323133
1311212111
1211311541
2131421232
1132221141
3251122223
2432221231
2333321222
1113322331
1421231321
1312232132
1213232333
3123213212
2112113122
2331231312
2332211231
1213311315
3233211133
2121211233
2322122213
1231221311
2232233321
2132111113
1323332233
2133521121
2111313322
2313112131
2233333322
1331225222
2223132333
2132141211
1332322111
2113113133
1123131153
3113223221
1313223235
1212321133
2232313113
2133131333
3311232331
2252431113
4225231232
3211111222
1231322122
1221313523
5332253112
1331332313
1213235231
2133432341
1222122222
3231232113
1133115333
1123143112
3131153321
3331123323
2232121223
2512122313
2221212313
2232111312
1121113111
1132223213
3132131332
1131333322
1323322132
3231422322
5123222332
1123115132
2233313141
3123322131
1313512335
3231322211
1311122221
5233232142
1121332312
4253321311
2331313212
3113131312
1213221131
3222322332
3222513311
3323311221
1111331322
3122123333
2212311113
3132233323
3334211313
1111223123
1322331323
1132112332
3121332111
3211112113
1323141311
1313332321
1122112313
1221321525
3115311323
3222323322
3132211312
1311231111
1323211223
3223231132
2112121133
2313211133
3112132212
2322311113
2533243111
3123112133
4332122211
1332332221
1123122324
1223311112
1122132411
1323313132
2311113211
2122331123
2132213233
2223111323
2132331133
3333222313
3222332233
1221134233
1223132313
2111113231
2333552122
2131131213
1311133133
3321231332
1533311233
1112332321
3122212233
1333332112
2331133325
1232213152
2121115212
1131322322
2113112313
1123222131
1311311221
3133213122
1213222132
3123213123
2521213331
2335333115
3131112231
2323123331
1121221231
1323231113
3152313521
5133311213
2213323112
3331223331
3313213321
1513122322
2123112233
1232121212
1221323331
2332213334
1223211121
3222332331
3121312315
3423311131
1323131221
3521332231
3321132121
1233252332
3313331221
2321221211
1313141222
1113221332
2322222133
3132211323
2313321131
2113211123
1222221232
3331322313
3431211132
4223113311
3223321233
2331251131
1132121353
3331123211
5222333222
3233242253
1331324231
3411433313
2133223122
2213232555
1231113213
3131113112
2233233133
3331243122
3121221331
1123152333
3325111125
1122312323
2113113331
2132223213
2322131321
3221231113
3211153123
1113132133
2233111211
2231111132
2333131413
2131123131
2222521131
5321313323
2314322222
3312323533
2133222233
2332252232
3131531122
3213313322
1122323223
4333312234
1221232321
3312112231
3522133111
3222112333
1222112311
2323245323
3331211211
3311351121
2121312223
