285
2112222324
2231323121
2233122232
3213152222
3122321121
3333233123
1211121222
1332522351
3313122131
3353212425
1211253335
2331413311
3121333231
3322311111
3351323122
2222222332
2221111143
1332223332
2113213211
2112232133
3222351114
1213221332
2231513133
1311311123
3132321331
1153313314
3312512225
1311231313
2112322212
1111333114
3311331213
1353332132
3321123311
3231342333
1132133222
2312312224
2512231211
2225211332
2213212223
3322151321
3312211223
3322221221
1211113131
1123233332
3313332212
3122323311
1213111211
3511323133
2111131212
5121212131
3233221551
3322121315
2212131332
3133232111
2321231223
1351324211
2222113213
3231213231
2121313312
2551322313
3212321211
3132312331
2213234221
3231232122
1153233322
3331123315
3313113511
1311323343
1222223332
3323111313
3124131333
1112231252
2223332533
3531233111
3511331222
1554112143
2232323131
1333233121
4113312511
4333312412
3131112113
3111111342
5113221231
3123235212
3113123111
2252111232
3113332311
3323313215
3223222122
1232132312
5313515351
5333132252
2332221324
3331311333
3311312233
1232213332
3533213323
3132331312
3222112332
2133123112
5322213323
1222331322
1313112333
1331332321
1323131113
1312212122
2111122222
1323122323
3312253113
4332121213
1214323312
2114122121
2212323222
3121233331
1533313132
1133332242
3323333211
1312212323
1112331123
1214112211
3131231123
3233313552
3123132321
1331222233
1312211311
3213313211
1232321112
2233322111
3322254135
3113112122
2223133123
1133311331
5323112221
1412222231
2323211232
1232312213
2332122122
2221311322
3321523233
3111321222
2333334332
2313321231
2122331231
1311331121
1221323152
3112333325
2133321131
1231334121
2313221232
1121113311
2135213133
1213312232
3151133332
1113321212
1331232133
2313143331
3233122312
1133312335
2222322331
2222112125
2133113331
2353321323
3131352332
2214212133
2222221322
3323221113
2232231122
2211223313
2333211112
2123213135
3132123314
1331323131
2522211223
2133133212
3331432211
3212122311
2111132231
1141332233
1232314133
1232234222
2213243333
3131232232
1331322131
3313212331
2322131212
2212232223
2232331331
1331231321
3231223221
2211232111
1213312223
2221111213
3122313323
1312332153
3211211221
2332212231
3323123233
2332311132
3311221112
2331312433
1221113223
1122313312
3323322213
2111231312
3312311223
3133232131
2134123333
3231132321
1523232221
1133322142
3221232213
2113131123
2111123312
2323312222
1112222221
3531321321
3322313322
3232223122
3233113332
1212132221
2531331211
2122334524
3311112331
1222211131
1113333313
1235122234
3311123152
3211221112
2121311342
3233132312
2332213132
1321331312
1322311323
1333132321
2113233111
2113232321
3233122323
2212522123
3321224111
2113222112
2122131333
1143223331
3134111314
2211222211
2133213322
3212222323
2112231311
3221231221
2313312331
3142211231
2332322331
2122131231
2132313133
2112121313
1324212212
2113323321
1211112233
1333222122
3131121335
1333322235
1312313332
2312131112
3222332132
3122112212
1322322311
2333132213
1533133231
2232313121
3311312113
1221113123
1223222351
2311322333
2514311122
1223332122
3113311211
3213311123
2222322221
2221123122
1232223212
1113212313
1132322221
3211333222
3111332311
2233332311
3333331313